10 10 28
4 -4 -4 -2 -3 -3 -2 -4 -4 4 
-4 -3 3 -2 1 1 -2 3 -3 -4 
0 -2 0 -3 5 5 -3 0 -2 0 
-3 4 4 1 -1 -1 1 4 4 -3 
0 4 -4 5 -4 -4 5 -4 4 0 
0 4 -4 5 -4 -4 5 -4 4 0 
-3 4 4 1 -1 -1 1 4 4 -3 
0 -2 0 -3 5 5 -3 0 -2 0 
-4 -3 3 -2 1 1 -2 3 -3 -4 
4 -4 -4 -2 -3 -3 -2 -4 -4 4 
0 0 0 0 0 0 0 0 0 0 
0 0 0 0 0 0 0 0 0 0 
0 0 0 0 0 0 0 0 0 0 
0 0 0 0 28 0 0 0 0 0 
0 0 0 0 28 0 0 0 28 0 
0 28 0 0 0 28 0 0 0 0 
0 0 0 0 0 28 28 28 0 0 
0 0 0 0 0 0 0 28 0 0 
0 0 0 0 0 0 0 0 0 0 
0 0 0 0 0 0 0 0 0 0 
3
1 8 8
2 2 6
3 5 5
5 4
9 5
6 6
4
6 4
5 7
1 9
10 2
4
3 3 14 0
8 8 11 28
3 7 12 0
8 4 10 0
